"x"
51.5638059005141
74.1577171720564
19.2092897019674
38.7959529052949
5.00633841628202
31.8387857137315
42.2812307883826
13.1590384989977
39.1143245270102
38.8030175732511
11.6365728899837
11.5916628014221
24.5289306087139
20.4780488274992
37.8241809085011
12.8067843616009
8.89431685209274
45.9311311699757
5.85380010306835
15.3048070911517
29.9042020924389
12.2740841470659
59.3318971805274
31.8082994781435
14.4549598917365
6.11863185510231
31.5330998310155
17.0990033075213
37.6810366287827
13.5191390290856
119.169818361649
32.1534156032581
14.2443257899442
9.82372090220451
19.0512243127496
80.0978286657211
24.7646613504673
15.9351364709437
0.361152924597263
4.66571329223699
16.5395730649488
38.1533658782732
47.1713277794489
14.8094564591763
100.536191453715
70.904394146055
8.75799503125962
0.681181659080771
15.8835401713189
32.1319054346532
9.39918203556238
42.8959025727836
10.4169826954603
14.315018464489
0.085080973803997
67.2025631538555
35.3800346491832
127.853100188076
20.6828164378691
14.3434316851199
31.6085363738239
27.6653561741114
77.0493084564805
7.30568310245872
58.7638304568827
2.95344507321715
12.0557937771082
1.1550378985703
53.0398889482805
19.0123822540045
1.76420453645692
24.7732172241783
7.84835629312761
10.7630034753683
27.4235429413429
5.89552568271756
54.4951250776649
16.9162138743038
24.0090326406062
54.2914148482283
46.3747582398355
31.3771453694246
59.5774059183896
2.91643856577731
28.8798590190709
17.0560460537672
1.74965942278504
1.46507518365979
116.747818421572
6.4422348009022
33.2936739915575
40.3230436227994
75.7904356549948
36.9766873715878
4.24506841227412
14.9432243779302
38.8028402812779
13.2820631431013
97.4540542811155
21.6133170761168
33.8110174876274
5.0938402396784
0.148969679657269
13.0536267533898
18.0106202606112
2.21788650378585
33.8936381943513
9.75266331806779
19.4762373191695
47.187406657084
20.0608628802001
12.9485502839088
11.869831580543
39.5567622035742
20.4300764016807
10.6344162486494
33.3151849918067
113.388273325336
2.58024549111724
0.305687496575018
68.8364961815153
24.4381913840794
27.4672161322087
11.1246168362541
1.55047746375203
47.3767510553237
82.1007916238159
31.6390790976584
36.4675375992599
76.1292618699372
28.0304447206934
32.3083950206637
14.2842903733253
17.5050182418224
30.8359530754387
6.20853388682008
14.2280547879636
1.99103727936745
12.1039412008887
22.704666480422
52.0361678765085
110.130543434501
47.4107445752542
1.23791163787246
12.7233657985926
7.95143190771341
14.4898123107851
29.5158484908285
1.75496330484748
100.497849390596
11.6693846390241
5.30701891517934
6.67837142820463
101.768281729913
1.49557832628489
3.58585842016023
63.5784463956952
4.99455845566995
4.45832731202245
2.90644635751897
64.393238833482
3.06740589439869
3.20152612403035
117.69019809747
11.3705196417868
9.05036173530225
27.0893212065117
10.2976205919431
34.0492093644198
1.41319342254731
27.0413895929653
21.8795861583203
4.78893518447876
15.4619524255395
6.51235459372401
69.7108930797479
13.5431581004878
31.97515276813
41.052806473691
37.3876502825742
11.623352766037
5.54221216589212
26.5657554769055
12.0611230997168
17.7022923364648
103.052947670221
44.5426441729069
6.05264212936163
32.8215701921521
12.8840282559395
5.84418060028455
42.418917172548
34.82583868189
13.4221115149558
6.73922710120678
75.8120696991682
6.17239192057877
83.8239421136677
7.92651871424813
21.2099931770816
18.0679927953744
31.2947295606136
60.3938836138695
33.7686808779836
0.741593539714813
41.130643337965
13.4461966423169
27.0424789478186
91.0952035337687
40.2197171933949
5.11609454893759
4.00092452764511
30.783322707215
4.28740133184397
51.1121423915029
17.8267813883145
7.35586509108543
2.75825848802924
16.3763102426863
9.09844263081003
30.7544451204476
7.22643311727929
8.0778688359923
15.2132391498991
15.855107922107
54.6770379878581
5.23282900809062
71.4895634417275
16.5280024521053
24.3545499115114
11.1298891715705
9.82611905783415
0.602840445935726
76.7416087910533
65.1252223544153
20.1420760203383
35.9193669746999
38.4797825873128
46.0528824478388
1.01529760286212
25.8354987851471
32.4294529855251
22.9589935475042
42.355444903357
28.4431083127856
16.9289988656343
29.1130773669532
12.5667918473482
6.80461991578341
12.9673904863101
16.4413941092789
0.991385895758867
4.54207797182051
14.6316830068827
21.744417026639
6.93351205265574
5.37036918103695
6.92183578248712
2.58040381595492
42.1016530599445
4.47222730144858
65.055824816227
17.6805257797241
43.8137166366645
33.4783123768308
13.6986980214715
47.6664328016341
10.6972274223949
6.11437288109056
7.31493346393108
22.8104725206606
12.5343904914915
41.4775798562914
43.4616766870022
30.0138427853007
0.543063567621684
20.8123726770282
21.5574352417199
39.4831993617117
18.9415327344557
90.8630576527083
19.4506137631834
61.1135383498075
19.958836492151
5.78757841140032
5.64126763492823
6.63105711574178
2.959324449029
59.713760856539
18.2301597669721
24.9269674532115
0.393598433238531
12.686349845024
21.2148064747453
4.82765957713127
20.4078946262598
5.14229061082006
8.8880906294211
10.4511203244328
81.2914129346609
31.1460578814149
37.7918315964805
1.79691473022103
78.9267593063414
17.0666836359406
21.814105566591
49.9039615181481
57.6653525960108
5.35281135856561
8.18781554698944
2.44242139160633
22.2707213833928
0.424038153141737
0.248395372182131
0.40883810417182
21.8805733961157
50.0808792017647
66.5042059999206
17.5326317548752
9.94612854803904
31.0086854733527
21.8121032230556
16.8414938145198
0.207453510549567
7.5073930656133
54.9740631824064
22.7588395214014
41.6725128889084
0.749265530484206
6.23280648142099
19.8328727318404
40.0802215844157
34.4497038173446
51.2112490832806
29.6113104559481
24.4953623041511
6.88941450789571
7.14575871825218
5.0449650734663
5.00511610880494
34.1939329809376
4.17210394516587
29.9179600551724
68.4983353130519
35.4510103352368
9.10602742806077
11.0661727376282
60.9627845489794
21.5615755970921
28.6682252772152
2.49477431686946
67.397381644696
0.342306765166756
55.436758506369
0.253168488701828
18.5199879111169
46.0962886627534
13.3991983234545
16.7090137396238
37.2169236652553
4.61325747892261
6.76943454891443
34.8859396763146
8.21333378553391
5.84672484906421
97.2280822093248
61.6611842997372
13.2442827029289
27.3279380053282
7.61786941438913
75.4922442138195
22.67931419632
12.5859095714986
126.035942196842
11.0066598788768
4.09428131037563
38.1990744009893
43.1815922578119
32.8263665812248
136.263572949853
56.447227929725
1.52255175635219
1.74927758052945
3.95113362721225
2.57473904639482
1.64875783957541
102.486286778003
91.2757845116276
20.2555650089579
54.4144256051956
35.9142033848912
2.77151120826602
56.410287739709
10.3215873241425
25.4167644973299
2.6981463779019
18.8871602094728
0.7821642793715
15.0085743877741
36.3201275467873
50.4649857230479
53.2437007859018
5.97133574727156
63.0427990108728
4.77895839139819
8.49633199549041
86.1935138660352
21.2707896679811
0.520414669826728
15.5476436542669
19.5021865587053
94.9354800395668
11.20629101465
0.786635243530458
8.67751426994801
37.6310839735349
56.1961345374584
30.4287893459463
20.7222002469997
5.6176376529038
117.887917440385
60.7012095861137
40.961053826271
1.07038151950042
0.674719922244549
12.4719946662815
76.9964410468049
56.1983836814761
4.24565048888326
10.3685120120645
30.0510188352619
2.98269325867295
18.7458902513048
0.551921313666468
50.7368923256212
21.6336664743721
1.39019684866071
26.6840182605713
2.44588729877022
31.9986138492823
23.3313617457386
8.44348222017288
40.6280541055063
43.801898136735
31.2032472160756
8.3470072668439
19.0306967124343
22.4074465222657
101.101584499702
15.3238845188868
19.9219722756883
81.0083071701229
16.6567438282073
9.73074372722773
100.298437755555
85.2027395740151
23.6841640435159
114.269715525216
32.6616875827312
81.3127658329904
44.5396942086518
96.1825153864536
7.56020902355021
3.5321107134223
56.9770811125636
35.0517829824129
0.151213750655123
113.494569901377
34.2643464578682
18.2327605411935
77.3450313721516
17.0238083228469
45.9947172162292
40.8380825281574
18.4485409408808
20.1566499744168
53.376576397568
63.3297977037728
70.7202241756022
47.5375214591622
74.8182297684252
14.966472517699
84.0823794715106
22.3150138408223
9.55456867814064
17.1489856055038
46.5804705832289
0.74096303264281
3.18447593599558
0.303140841424465
29.3078343383968
17.8706739097834
45.7331953931261
19.7106116123981
97.4815036170185
128.194002900273
1.87614906197339
7.95256579294801
5.46408584341407
27.0481517072767
21.986066520112
65.6512286514044
0.309698743223826
79.192108377343
2.09026969969273
4.86367614939809
66.0626241005957
38.3961666375399
96.4654153212905
17.8581103682518
83.5273412634727
21.9093743245787
16.5700257781411
16.072247095237
11.9414320215583
88.0617462098598
46.5851067565382
7.86989727669026
47.5970259867609
11.6467801854014
10.9417294152081
42.7611876258863
108.839850872755
21.8918826431036
82.1624304688135
2.67401272978833
46.9023579968672
46.081642085018
44.5494619016387
17.7109353585641
34.4540087863391
85.1071841107891
21.6944515705109
31.5153645351529
0.535890771109664
21.2550372816622
37.9816207569093
2.13784034027584
7.694700773742
72.2445219289511
3.00903338938951
7.68842175602913
60.3202443238699
7.63936899602413
28.1308937282539
1.2067595962435
21.131350658834
10.0793945603073
12.7190072089434
12.2997863218188
39.2328668385744
20.3509442508221
21.6464427956025
7.92802311480045
0.0985804945230484
15.2246152422859
60.327856335789
57.0658950600773
117.335001117363
51.5605919063091
25.0443721719028
3.37064063375976
4.10664826631546
6.75312476232648
3.26141016557813
70.6943823024631
23.4836002161924
37.5009980585277
32.473320607096
15.1760945701892
1.07975210994482
3.75334871932864
28.6379706600283
4.39079012721777
22.6681493222713
1.6915868036449
58.7605431636339
8.58429819345474
24.5761894620955
25.4178245086223
1.98816621114676
27.9497262090445
2.55151840771452
37.8317479044199
7.44557419501077
26.1207739822567
83.0594972450086
4.36960162828748
80.9760508127511
8.54779267683625
15.767039721727
27.0669628033443
3.46633372828364
38.9921699222647
22.4584573879838
38.4618504904211
58.2697568461299
63.5463283397257
116.900180000812
33.5277068729058
12.4564176988084
63.8425070792437
20.9806906059384
76.1817046441138
0.327862799167633
18.5191631317139
53.8252049591392
48.917077837761
9.75177150361503
84.028803743422
31.3951168209314
6.18636632602316
38.3772412115043
17.8400424680623
78.1343641810707
24.1761289181973
42.4635666422546
9.98837130846251
1.54431909322739
9.9339519815674
5.96870435401797
26.2382373090698
45.1166963975178
9.14202048443258
16.8139417655766
2.2440985776484
30.0178048200905
49.0433631147244
12.8080672584474
24.1092359647155
3.30283772200346
4.46401769295335
13.9979179948568
12.1298967860639
10.6694481801242
41.840175216156
75.2414201752263
17.3040735535324
130.287429516495
19.8976514199259
0.996424350887537
1.47330341860652
21.0893503390253
49.3686366826296
60.5061054229736
80.9981748034894
138.584377709776
1.31942417756146
23.5958836521077
15.6576838344336
19.9381955937077
2.7177226729691
5.30672259628773
54.5758214346253
4.52622072771192
32.6628285959957
2.79434490948915
7.67805865930124
35.3179639205337
24.8726201243699
8.18098071097209
25.2792144842536
7.96146521794287
23.6802352226542
30.2161974832416
38.8423819094896
14.2430613313849
15.7819036394358
63.0475278012455
4.5740557834506
2.29116063565016
165.450062827994
51.250014686957
7.99955793983992
20.1798992277753
14.325634110719
17.7124119363725
2.08631708343155
81.8943744525313
42.0160463121838
33.4316911175847
36.9718275032938
13.7666808055182
11.3743590191007
55.8589654974639
124.299170216545
96.9128340503992
7.85686939957399
47.1824319365872
70.3179836273193
11.7445509308332
2.42459354922175
0.792418140918016
45.8314874780771
50.1536810770631
73.0281545187651
4.75891203805151
19.8746749087454
18.3846408156329
62.880070071003
58.8269089348614
33.5492007434368
4.86188027957657
25.9855537850101
15.8579637332219
21.0514040906047
11.4755238562555
9.34584764763713
53.5340467467904
3.22970561683178
11.3047799095511
77.2599573247135
15.2135454118252
35.3666790761054
74.1386087611318
9.52840549871325
32.8345238317524
95.2722722581104
32.0642821683702
54.7496330044367
4.87359473481774
19.4184691645205
27.6528717949986
35.3699520648185
53.538953876841
43.6574430204928
13.2010191766614
29.8224692232907
16.7604186572134
26.3941126915676
22.8080944993623
6.50034905807389
46.1130682379007
10.1187359541655
2.25145601683028
7.29751392492365
68.8744126819074
15.8065469910743
2.68017928518768
6.00469997152686
23.7530735227952
13.4929781779647
23.6067641526461
23.7664201370723
60.3814655914903
55.3548499010503
30.1460432820022
11.7311184294522
18.8592472113669
18.1982619687915
7.01102489551187
11.3207644572852
1.82104626577401
60.41063737574
9.53751234948549
2.00856700329625
14.9294904531406
5.89589355513453
51.3985520228744
76.7550617456436
93.1368591618336
17.9701647721231
37.152364384383
11.9510316289961
37.0385497808456
8.79418104887009
30.4283970035613
25.1255743205547
8.10107914730906
3.43078431867672
51.7598647184401
96.3776374701411
11.2674199044704
4.44016186520457
18.0739164352417
6.52019791043103
95.1484262477607
1.49936300530455
50.370286572482
16.8552342802286
25.4084030166268
20.7375674127973
21.8328733713419
21.4327944871203
5.28882991684686
12.8935935538982
26.0947900824249
127.088666484564
3.69804678484797
15.3432111255825
0.597690275403682
48.1476059851418
54.7936356781454
8.91087576746941
3.91267705708742
45.3673868056607
24.0639406999654
23.6634131629302
16.5941566228867
10.6773315928876
36.1078511923552
13.0383712346939
9.96950852398
32.0612400440761
85.0279380640149
6.13127136602998
22.7190086733162
0.610996503382921
19.5213890605161
7.05496785643605
42.4116176881012
12.4746817164123
36.5665365544712
3.26834214373712
20.8638196056503
37.3809100002855
87.426311802119
49.4616584328821
9.60961915552616
7.78512330725789
73.2990568975496
27.218007016927
1.07020205837496
6.06507432893561
33.2186949073973
40.0908477604389
37.4545834724807
22.6610829122365
7.03527824953198
27.6778428815305
65.4371920973063
52.9581426303855
35.4178384903118
10.0614944547245
37.7823645249009
30.9464140569542
25.0437762588263
50.3376110912311
22.2491705790162
7.25366408005357
2.85854563117027
38.7592636980116
36.1358723603189
16.8139743618667
6.17257552221417
24.481569416821
61.7454303329581
7.54260458052158
80.6691807615599
16.5347435917657
6.53075519949198
16.6495300363749
20.7137508879855
26.8725295847735
0.816131745240477
41.8691709637642
0.782320275902748
14.4308502785861
9.58723373270943
1.92191218957305
30.5729029237463
3.76741998317001
27.3197875400701
54.7024913748913
38.77256764099
48.0236718431115
3.68918292224407
3.62726197388188
43.3190825581036
34.0465526096523
7.77226848780555
90.5966345396948
31.7955601131515
19.5843473156023
22.7966834791005
44.8874523863196
58.6198875680566
37.6941852737218
6.17740210145712
5.21753216162324
7.44878314435482
25.2165808342397
90.0446833111346
3.64233783812241
3.50393893519002
41.1639688536525
3.90373403206468
154.821793262367
25.3524756154637
45.9157688457552
25.3285009324657
80.7070854688785
13.9894094919
19.5087097769529
0.0823871232569218
6.08978815937477
106.894508935511
38.54502690956
27.7845282107592
44.2583339957967
47.6722372695804
27.336607985935
17.5913353450596
5.6952447630465
7.79039924964309
18.0492317304015
0.850024398980813
16.4382283656199
71.8066981062293
9.74294962361455
31.0634079439483
5.95568213611841
20.3880241036864
3.21894676003965
7.36354850232601
90.9207845837099
12.4182575382292
51.1320061725001
0.0442331656813622
24.7895601205528
4.33436594903469
65.2926508337259
7.16186128556728
61.5138770081103
94.6066522348418
13.9462839505805
42.5387623450044
47.5052206905004
12.8545954570786
19.2094827070832
113.965475698933
48.3119953423738
7.35451784707447
11.2908496521413
62.0018434710801
14.2356310971081
28.3450423739851
45.4305205494165
36.8267390877008
0.925919348147366
45.1489980332553
7.15948540264139
21.921107545495
19.2225095815957
7.17451795935631
47.8410397423185
17.5859831291693
3.85564984753728
91.1652203649282
21.7540234462695
14.774922747165
8.90808179974556
0.535141133584671
5.34831837499278
14.9663235060871
10.9537415215837
6.45424704998732
18.0461234413087
53.9795006625354
60.8051613571391
47.2177797928452
69.8884017765522
45.6500889148305
63.2325336580504
62.0960933156312
0.299916137009859
3.51996939705387
13.0773152672356
62.4752272851765
1.33425255651791
34.1499713249505
22.2984026186168
72.7886384706288
45.0019328854978
60.3477307595313
77.4234347045422
63.7523317709565
81.7424920387566
25.7463078014553
26.9283610396087
13.190193567425
24.2981151677668
54.4693926349282
51.2354727834463
16.717904489086
15.9125006757677
10.9627633355558
39.7990017663687
3.62819992005825
36.5856615826488
8.79409786495793
44.3950109111313
22.0989575609565
124.711495689942
13.8411181978881
71.4931696097568
69.0352157689631
6.11826550909978
22.2192852902665
41.1832151003182
